image: RestaurantChallengeMapVar1.png
resolution: 0.0125000
origin: [0.000000, 0.000000, 0.000000]
negate: 0
occupied_thresh: 0.65
free_thresh: 0.196

